0.0109778
0.0347481
0.0727669
0.125886
0.194049
0.275969
0.368805
0.467951
0.566984
0.657914
0.731814
0.779897
0.794998
0.77333
0.716174
0.631047
0.531795
0.437113
0.367272
0.33933
0.361818
0.430478
0.527014
0.622368
0.684841
0.691314
0.637754
0.544009
0.448912
0.395254
0.0109778
0.0347481
0.0727669
0.125886
0.194049
0.275969
0.368805
0.467951
0.566984
0.657914
0.731814
0.779897
0.794998
0.77333
0.716174
0.631047
0.531795
0.437113
0.367272
0.33933
0.361818
0.430478
0.527014
0.622368
0.684841
0.691314
0.637754
0.544009
0.448912
0.395254
0.409568
0.486234
0.586095
0.65411
0.649907
0.574645
0.475263
0.418013
0.443764
0.535058
0.623308
0.638365
0.56671
0.468665
0.431318
0.490011
0.589637
0.631718
0.572347
0.473543
0.443426
0.516818
0.608796
0.608548
0.515619
0.448256
0.495397
0.593953
0.606987
0.515335
0.453056
0.514186
0.604793
0.5814
0.481553
0.471025
0.568007
0.603896
0.514643
0.462488
0.544483
0.605023
0.526706
0.464462
0.54391
0.601479
0.516449
0.470712
0.563732
0.589114
0.489803
0.493979
0.591548
0.550755
0.470509
0.547493
0.589452
0.490633
0.505122
0.594522
0.522521
0.482864
0.582823
0.546603
0.476207
0.570423
0.558706
0.475983
0.564915
0.560491
