0.099989
0.199849
0.29918
0.397122
0.492195
0.582243
0.664543
0.73613
0.794291
0.837043
0.863307
0.87258
0.864252
0.837099
0.789714
0.722248
0.638771
0.548612
0.465334
0.403697
0.375845
0.38741
0.434604
0.504985
0.582394
0.650842
0.69379
0.694986
0.647435
0.563347
0.099989
0.199849
0.29918
0.397122
0.492195
0.582243
0.664543
0.73613
0.794291
0.837043
0.863307
0.87258
0.864252
0.837099
0.789714
0.722248
0.638771
0.548612
0.465334
0.403697
0.375845
0.38741
0.434604
0.504985
0.582394
0.650842
0.69379
0.694986
0.647435
0.563347
0.473187
0.412563
0.403784
0.446236
0.521899
0.599418
0.637867
0.610612
0.531266
0.448884
0.412202
0.440585
0.519557
0.597402
0.612802
0.553331
0.470622
0.430387
0.466805
0.555018
0.612761
0.584058
0.503414
0.451496
0.485765
0.575745
0.61767
0.5673
0.487768
0.476633
0.556002
0.620248
0.586698
0.503723
0.489471
0.570753
0.622643
0.570445
0.493482
0.520383
0.605031
0.604725
0.51887
0.499544
0.581325
0.610329
0.530244
0.493817
0.570933
0.603514
0.521035
0.49466
0.575574
0.586269
0.497137
0.508423
0.588035
0.548011
0.479428
0.54377
0.580853
0.493765
0.501785
0.580623
0.522381
0.480781
0.564522
0.545001
0.476289
0.549327
