0.00109771
0.00456904
0.0118099
0.0242049
0.0428888
0.06839
0.100198
0.136377
0.17341
0.206447
0.230037
0.239208
0.230719
0.204214
0.162974
0.113675
0.0645631
0.0224353
-0.00960413
-0.031361
-0.0419024
-0.0365916
-0.00912905
0.0413689
0.104589
0.161233
0.19306
0.193784
0.170877
0.135795
0.00109771
0.00456904
0.0118099
0.0242049
0.0428888
0.06839
0.100198
0.136377
0.17341
0.206447
0.230037
0.239208
0.230719
0.204214
0.162974
0.113675
0.0645631
0.0224353
-0.00960413
-0.031361
-0.0419024
-0.0365916
-0.00912905
0.0413689
0.104589
0.161233
0.19306
0.193784
0.170877
0.135795
0.0966548
0.0646118
0.0587832
0.0913312
0.148839
0.199036
0.218822
0.206716
0.168996
0.120166
0.0937941
0.114855
0.165108
0.204519
0.211607
0.179885
0.12455
0.0951081
0.118571
0.163774
0.191201
0.174888
0.118669
0.0824943
0.101916
0.145188
0.167842
0.133828
0.0785965
0.0722901
0.110929
0.14722
0.12403
0.069501
0.0620535
0.103447
0.136561
0.100551
0.0570303
0.070442
0.1217
0.121488
0.0715632
0.0618809
0.111339
0.131244
0.0857674
0.0672309
0.115981
0.137753
0.0937813
0.0795777
0.133936
0.140504
0.0951712
0.102052
0.155293
0.133913
0.0959879
0.139491
0.160848
0.115191
0.120478
0.168446
0.138405
0.111716
0.164067
0.154003
0.110452
0.156293
